0.987393 0.963154 0.941619 0.923938 0.910526 0.901128 0.895046 0.891414 0.889412 0.888400 0.887940 0.887784 0.887833 0.888120 0.888815 0.890254 0.892978 0.897726 0.905362 0.916701 0.932253 0.951960 0.975034 0.873416 
1.000000 0.000000 0.000000 0.000000 0.000000 0.000000 0.000000 0.000000 0.000000 0.000000 0.000000 0.000000 0.000000 0.000000 0.000000 0.000000 0.000000 0.000000 0.000000 0.000000 0.000000 0.000000 0.000000 1.000000 
0.941619 0.829372 0.729654 0.647797 0.585715 0.542225 0.514091 0.497292 0.488042 0.483363 0.481240 0.480520 0.480748 0.482073 0.485280 0.491932 0.504526 0.526485 0.561815 0.614295 0.686292 0.777537 0.884383 0.867669 
1.000000 0.000000 0.000000 0.000000 0.000000 0.000000 0.000000 0.000000 0.000000 0.000000 0.000000 0.000000 0.000000 0.000000 0.000000 0.000000 0.000000 0.000000 0.000000 0.000000 0.000000 0.000000 0.000000 1.000000 
0.910526 0.738508 0.585715 0.460323 0.365260 0.298697 0.255664 0.229987 0.215860 0.208721 0.205484 0.204387 0.204734 0.206753 0.211644 0.221799 0.241041 0.274618 0.328676 0.409019 0.519287 0.659079 0.822810 0.863772 
1.000000 0.000000 0.000000 0.000000 0.000000 0.000000 0.000000 0.000000 0.000000 0.000000 0.000000 0.000000 0.000000 0.000000 0.000000 0.000000 0.000000 0.000000 0.000000 0.000000 0.000000 0.000000 0.000000 1.000000 
0.895046 0.693279 0.514091 0.367077 0.255664 0.177691 0.127312 0.097273 0.080760 0.072422 0.068646 0.067367 0.067771 0.070126 0.075835 0.087701 0.110202 0.149498 0.212804 0.306942 0.436202 0.600124 0.792158 0.861839 
1.000000 0.000000 0.000000 0.000000 0.000000 0.000000 0.000000 0.000000 0.000000 0.000000 0.000000 0.000000 0.000000 0.000000 0.000000 0.000000 0.000000 0.000000 0.000000 0.000000 0.000000 0.000000 0.000000 1.000000 
0.889412 0.676822 0.488042 0.333186 0.215860 0.133775 0.080760 0.049164 0.031804 0.023045 0.019079 0.017737 0.018161 0.020633 0.026629 0.039100 0.062762 0.104104 0.170736 0.269856 0.405994 0.578677 0.781003 0.861139 
1.000000 0.000000 0.000000 0.000000 0.000000 0.000000 0.000000 0.000000 0.000000 0.000000 0.000000 0.000000 0.000000 0.000000 0.000000 0.000000 0.000000 0.000000 0.000000 0.000000 0.000000 0.000000 0.000000 1.000000 
0.887940 0.672522 0.481240 0.324344 0.205484 0.122338 0.068646 0.036653 0.019079 0.010214 0.006202 0.004844 0.005273 0.007774 0.013842 0.026464 0.050421 0.092287 0.159775 0.260184 0.398109 0.573075 0.778088 0.860957 
1.000000 0.000000 0.000000 0.000000 0.000000 0.000000 0.000000 0.000000 0.000000 0.000000 0.000000 0.000000 0.000000 0.000000 0.000000 0.000000 0.000000 0.000000 0.000000 0.000000 0.000000 0.000000 0.000000 1.000000 
0.887833 0.672210 0.480748 0.323704 0.204734 0.121512 0.067771 0.035751 0.018161 0.009289 0.005273 0.003914 0.004344 0.006846 0.012919 0.025553 0.049530 0.091433 0.158983 0.259484 0.397538 0.572669 0.777876 0.860943 
1.000000 0.000000 0.000000 0.000000 0.000000 0.000000 0.000000 0.000000 0.000000 0.000000 0.000000 0.000000 0.000000 0.000000 0.000000 0.000000 0.000000 0.000000 0.000000 0.000000 0.000000 0.000000 0.000000 1.000000 
0.888815 0.675076 0.485280 0.329594 0.211644 0.129126 0.075835 0.044077 0.026629 0.017826 0.013842 0.012493 0.012919 0.015403 0.021429 0.033961 0.057744 0.099300 0.166281 0.265926 0.402791 0.576402 0.779819 0.861064 
1.000000 0.000000 0.000000 0.000000 0.000000 0.000000 0.000000 0.000000 0.000000 0.000000 0.000000 0.000000 0.000000 0.000000 0.000000 0.000000 0.000000 0.000000 0.000000 0.000000 0.000000 0.000000 0.000000 1.000000 
0.892978 0.687237 0.504526 0.354630 0.241041 0.161554 0.110202 0.079588 0.062762 0.054267 0.050421 0.049118 0.049530 0.051928 0.057744 0.069834 0.092764 0.132816 0.197347 0.293320 0.425108 0.592250 0.788063 0.861581 
1.000000 0.000000 0.000000 0.000000 0.000000 0.000000 0.000000 0.000000 0.000000 0.000000 0.000000 0.000000 0.000000 0.000000 0.000000 0.000000 0.000000 0.000000 0.000000 0.000000 0.000000 0.000000 0.000000 1.000000 
0.905362 0.723417 0.561815 0.429203 0.328676 0.258297 0.212804 0.185664 0.170736 0.163193 0.159775 0.158616 0.158983 0.161115 0.166281 0.177012 0.197347 0.232841 0.289994 0.374948 0.491560 0.639408 0.812584 0.863126 
1.000000 0.000000 0.000000 0.000000 0.000000 0.000000 0.000000 0.000000 0.000000 0.000000 0.000000 0.000000 0.000000 0.000000 0.000000 0.000000 0.000000 0.000000 0.000000 0.000000 0.000000 0.000000 0.000000 1.000000 
0.932253 0.802001 0.686292 0.591314 0.519287 0.468834 0.436202 0.416720 0.405994 0.400570 0.398109 0.397274 0.397538 0.399074 0.402791 0.410504 0.425108 0.450577 0.491560 0.552445 0.635979 0.741853 0.865836 0.866494 
1.000000 0.000000 0.000000 0.000000 0.000000 0.000000 0.000000 0.000000 0.000000 0.000000 0.000000 0.000000 0.000000 0.000000 0.000000 0.000000 0.000000 0.000000 0.000000 0.000000 0.000000 0.000000 0.000000 1.000000 
0.975034 0.927031 0.884383 0.849369 0.822810 0.804200 0.792158 0.784965 0.781003 0.778998 0.778088 0.777779 0.777876 0.778445 0.779819 0.782669 0.788063 0.797463 0.812584 0.835038 0.865836 0.904862 0.950557 0.871864 
1.000000 1.000000 1.000000 1.000000 1.000000 1.000000 1.000000 1.000000 1.000000 1.000000 1.000000 1.000000 1.000000 1.000000 1.000000 1.000000 1.000000 1.000000 1.000000 1.000000 1.000000 1.000000 1.000000 1.000000 
